%YAML:1.0
---
body_T_cam2: !!opencv-matrix
   rows: 4
   cols: 4
   dt: d
   data: [ 0.99619469809174555, 0.087155742747658166, 0., 0., 0., 0., 1.,
       0.071999999999999995, 0.087155742747658166, -0.99619469809174555,
       0., -0.017000000000000001, 0., 0., 0., 1. ]
body_T_cam3: !!opencv-matrix
   rows: 4
   cols: 4
   dt: d
   data: [ -0.98480775301220802, 0.17364817766693033, 0., 0., 0., 0.,
       -1., -0.071999999999999995, -0.17364817766693033,
       -0.98480775301220802, 0., -0.017000000000000001, 0., 0., 0., 1. ]
lidar_T_cam2_calc: !!opencv-matrix
   rows: 4
   cols: 4
   dt: d
   data: [ 0.96592579999999995, 0.25881900000000002, 0.,
       0.0043999230000000009, 0., 0., 1., 0.071999999999999995,
       0.25881900000000002, -0.96592579999999995, 0.,
       -0.066420738600000001, 0., 0., 0., 1. ]
cam2_T_lidar_calc: !!opencv-matrix
   rows: 4
   cols: 4
   dt: d
   data: [ 0.96592587160733034, 0., 0.25881901918712358,
       0.012940950959356179, 0.25881901918712358, 0.,
       -0.96592587160733046, -0.065296293580366524, 0., 1., 0.,
       -0.071999999999999995, 0., 0., 0., 1. ]
lidar_T_cam3_calc: !!opencv-matrix
   rows: 4
   cols: 4
   dt: d
   data: [ -0.96592579999999995, 0.25881900000000002, 0.,
       0.0043999230000000009, 0., 0., -1., -0.071999999999999995,
       -0.25881900000000002, -0.96592579999999995, 0.,
       -0.066420738600000001, 0., 0., 0., 1. ]
cam3_T_lidar_calc: !!opencv-matrix
   rows: 4
   cols: 4
   dt: d
   data: [ -0.96592587160733034, 0., -0.25881901918712358,
       -0.012940950959356179, 0.25881901918712358, 0.,
       -0.96592587160733046, -0.065296293580366524, 0., -1., 0.,
       -0.071999999999999995, 0., 0., 0., 1. ]
