%YAML:1.0
---
model_type: PINHOLE
camera_name: camera
image_width: 640
image_height: 480
distortion_parameters:
   k1: 0.0
   k2: 0.0
   p1: 0.0
   p2: 0.0
projection_parameters:
   cx: 320.3559875488281
   cy: 236.1334686279297
   fx: 384.5306396484375
   fy: 384.5306396484375
